0 0.9125 0.5375 0.165625 0.1515625
0 0.56640625 0.65625 0.334375 0.25703125
0 0.1734375 0.70546875 0.34609375 0.43046875
0 0.334375 0.9484375 0.20703125 0.103125
0 0.85703125 0.384375 0.07421875 0.053125
0 0.9578125 0.365625 0.08203125 0.0484375
0 0.9734375 0.2953125 0.053125 0.05078125
0 0.7484375 0.34375 0.06015625 0.040625
0 0.7390625 0.28828125 0.05078125 0.03828125
0 0.6296875 0.3234375 0.053125 0.06484375
0 0.50703125 0.328125 0.06015625 0.04296875
0 0.5359375 0.4015625 0.0671875 0.05078125
0 0.4265625 0.39921875 0.08203125 0.0625
0 0.24140625 0.3390625 0.14921875 0.09140625
0 0.47109375 0.17890625 0.11796875 0.053125
0 0.30134130937500003 0.2590672328125 0.339292021875 0.2745333125 0.38848726718750004 0.2942173875 0.4222213359375 0.292811375 0.4362771203125 0.2885933828125 0.45595525 0.268909271875 0.45033290625 0.2618792546875 0.44049391875 0.2379771109375 0.4362771203125 0.2295410859375 0.4067598484375 0.2225110703125 0.3139915484375 0.2126689953125 0.2704184921875 0.20985701250000002 0.2507403625 0.1901729015625 0.23106207968749998 0.198608928125 0.23809012499999999 0.2351651296875 0.2507403625 0.24641317499999998 0.30134130937500003 0.2590672328125
0 0.06953125 0.3765625 0.1390625 0.21875
0 0.146875 0.18125 0.10546875 0.0671875
0 0.359375 0.16015625 0.1078125 0.02890625
0 0.1984375 0.26171875 0.0453125 0.03828125
0 0.1703125 0.228125 0.03828125 0.03359375
0 0.103125 0.234375 0.09140625 0.04296875
0 0.11640625 0.2671875 0.06484375 0.02421875
0 0.17890625 0.30078125 0.0359375 0.01953125
0 0.5109375 0.27890625 0.0453125 0.03359375
0 0.82578125 0.23828125 0.0625 0.0171875
0 0.55859375 0.24296875 0.0671875 0.0484375