0 0.0875 0.5375 0.165625 0.1515625
0 0.43359375 0.65625 0.334375 0.25703125
0 0.8265625 0.70546875 0.34609375 0.43046875
0 0.665625 0.9484375 0.20703125 0.103125
0 0.14296875 0.384375 0.07421875 0.053125
0 0.0421875 0.365625 0.08203125 0.0484375
0 0.0265625 0.2953125 0.053125 0.05078125
0 0.2515625 0.34375 0.06015625 0.040625
0 0.2609375 0.28828125 0.05078125 0.03828125
0 0.3703125 0.3234375 0.053125 0.06484375
0 0.49296875 0.328125 0.06015625 0.04296875
0 0.4640625 0.4015625 0.0671875 0.05078125
0 0.5734375 0.39921875 0.08203125 0.0625
0 0.75859375 0.3390625 0.14921875 0.09140625
0 0.52890625 0.17890625 0.11796875 0.053125
0 0.7492596375 0.24641317499999998 0.761909875 0.2351651296875 0.7689379203125 0.198608928125 0.7492596375 0.1901729015625 0.7295815078125 0.20985701250000002 0.6860084515625 0.2126689953125 0.5932401515625 0.2225110703125 0.5637228796875 0.2295410859375 0.55950608125 0.2379771109375 0.54966709375 0.2618792546875 0.5440447500000001 0.268909271875 0.5637228796875 0.2885933828125 0.5777786640625 0.292811375 0.6115127328125001 0.2942173875 0.660707978125 0.2745333125 0.6986586906250001 0.2590672328125 0.7492596375 0.24641317499999998
0 0.93046875 0.3765625 0.1390625 0.21875
0 0.853125 0.18125 0.10546875 0.0671875
0 0.640625 0.16015625 0.1078125 0.02890625
0 0.8015625 0.26171875 0.0453125 0.03828125
0 0.8296875 0.228125 0.03828125 0.03359375
0 0.896875 0.234375 0.09140625 0.04296875
0 0.88359375 0.2671875 0.06484375 0.02421875
0 0.82109375 0.30078125 0.0359375 0.01953125
0 0.4890625 0.27890625 0.0453125 0.03359375
0 0.17421875 0.23828125 0.0625 0.0171875
0 0.44140625 0.24296875 0.0671875 0.0484375