0 0.70234375 0.76875 0.1953125 0.1546875
0 0.49296875 0.5875 0.121875 0.0671875
0 0.44609375 0.7171875 0.1390625 0.1046875
0 0.4625 0.84453125 0.19375 0.0734375
0 0.178125 0.8671875 0.2625 0.1921875
0 0.16875 0.58515625 0.1359375 0.0828125
0 0.73984375 0.51484375 0.1390625 0.053125
0 0.8765625 0.640625 0.1484375 0.0796875
0 0.359375 0.45859375 0.1578125 0.0734375
0 0.6140625 0.4515625 0.0984375 0.0546875
0 0.53515625 0.4125 0.0671875 0.025
0 0.50546875 0.32890625 0.0828125 0.0234375
0 0.3578125 0.325 0.1046875 0.0296875
0 0.55859375 0.25078125 0.0546875 0.028125
0 0.50078125 0.25546875 0.0609375 0.0203125
0 0.409375 0.275 0.0953125 0.0265625
0 0.32890625 0.22109375 0.059375 0.0140625
0 0.15625 0.48203125 0.1921875 0.084375