0 0.10587834843749999 0.6617799203125 0.08672916562500001 0.642688615625 0.038905959375 0.6557377296875 0.034349815625 0.6643281109375 0.032405840625 0.6734737984375 0.029351040625 0.6878455 0.0295463078125 0.693349134375 0.025185417187499996 0.70744321875 0.023158990625 0.7233990984374999 0.038389915625 0.7416574765624999 0.0467821546875 0.7407102765625 0.06226028593750001 0.7385380515625 0.0828501234375 0.7251624328124999 0.107996103125 0.7031964359375 0.11102055156249999 0.669700646875 0.10587834843749999 0.6617799203125
0 0 0.6551163125 0.006921179687499999 0.6584979734374999 0.024733920312499998 0.658187571875 0.04524129375 0.65162221875 0.056050478125000004 0.6457264765625 0.07794640625 0.6326284796875 0.10250661406249999 0.5941514375 0.10939723906250001 0.58742278125 0.12170776718750001 0.5873083625 0.126428809375 0.5650976 0.1312628140625 0.55520069375 0.129535721875 0.524791546875 0.112247890625 0.503364859375 0.1020462375 0.4807132078125 0.0976243703125 0.456558984375 0.0985399421875 0.4458292640625 0.11443019375 0.40960598125000003 0.117875640625 0.40624171875000004 0.1155105375 0.385255778125 0.097142521875 0.3881792515625 0.06432446093750001 0.3948590640625 0.049514567187500004 0.40673207187499993 0.0234226484375 0.42030377343750003 0.0147526921875 0.42255753125 0.00486650625 0.424552771875 0 0.447447884375 0 0.6551163125
0 0.35785252500000003 0.9406538484375 0.387728571875 0.9606597062500001 0.40573657812499997 0.9658529390625 0.41337801875 0.9620149734375 0.42871285 0.928404734375 0.43037909374999994 0.9205656765624999 0.4381854484375 0.90310725625 0.4338765109375 0.8912670328125 0.4237052109375 0.8877394687500001 0.410644009375 0.8849632250000001 0.40933791875000003 0.88468560625 0.3827729015625 0.894060059375 0.364795246875 0.9079909125000001 0.35849039375 0.9312306124999999 0.35785252500000003 0.9406538484375
0 0.48629894843750004 0.7795105734375001 0.45859261093750003 0.7749869234375 0.4483388453125 0.778269621875 0.44089265937500005 0.787611290625 0.4298364109375 0.8139376671875 0.43667506562499997 0.833143390625 0.444542253125 0.853933246875 0.46380452656250004 0.8853385109374999 0.47044792968750004 0.899040528125 0.48073204843750006 0.9148819187499999 0.5052707828125 0.9214633765625001 0.5199982421875 0.9164004890624999 0.5315580265625 0.9133953937499999 0.54078333125 0.9085285765625001 0.557372371875 0.9011302796875 0.5711538203125001 0.887673084375 0.578322290625 0.8796379703125 0.5942430375 0.8625388062500001 0.6044663078125 0.8401319921875 0.591179359375 0.8127279234375001 0.580812790625 0.8036967265625 0.5458251671875 0.7948943640625 0.4974986375 0.78462224375 0.48629894843750004 0.7795105734375001
0 0.65539091875 1 0.652923540625 0.9910832078125 0.644891525 0.9839137484375 0.627161234375 0.9774139578125001 0.607929515625 0.9651329000000001 0.5957013796874999 0.9584370390625001 0.5697742296875 0.9583882562499999 0.55560211875 0.960838084375 0.5395392625000001 1 0.65539091875 1
0 0.694475959375 0.8469742140625 0.6630161046875 0.8279972953125 0.6431465140625 0.8251394718749999 0.6340036609374999 0.8231960984375 0.63214215 0.8255315234375 0.6317604515624999 0.8787066828125001 0.6412939546875001 0.8916574984375 0.6487705671875 0.90143993125 0.657193159375 0.9196168171875 0.66502985 0.9212825578125001 0.677514171875 0.9717302703125 0.6808770984375 0.975176184375 0.682933934375 0.9783444796874999 0.7003865203124999 0.98615075625 0.7064441515625 0.98334173125 0.7282272062499999 0.9579298203125 0.7422864437500001 0.94316608125 0.7617349453125 0.9158924328125 0.7684304453124999 0.9036601734374999 0.7740975 0.889843721875 0.7593395593750001 0.8757824187500001 0.7496412859375 0.8764520890625 0.72949399375 0.8749007515624999 0.714931378125 0.86634316875 0.707177065625 0.8578672203125001 0.694475959375 0.8469742140625
0 0.7427542328125 0.709757046875 0.74102706875 0.679347884375 0.737664128125 0.6759020437500001 0.73374578125 0.6750691734375 0.710070734375 0.68369231875 0.6887606515625 0.7133013781249999 0.6716466140625 0.74243681875 0.658451009375 0.772405075 0.6833497687500001 0.7708697531250001 0.7053585703125 0.770085665625 0.7118587468750001 0.752349684375 0.7389487609375001 0.7212380875 0.7427542328125 0.709757046875
0 0.803587696875 0.48333746875 0.7839958234375 0.4791730875 0.7669338296875 0.48237416718750004 0.7731651734375 0.5301272921875 0.7743888875 0.5372151171875 0.7718070578125 0.5557839671875 0.7639703671875 0.5541182265625 0.74560220625 0.557041671875 0.721289275 0.5750881234375 0.7490564625 0.6178599796875 0.7626211281249999 0.6439574875 0.7768540734375 0.6797559375 0.7979993296875 0.663767275 0.8037488328125001 0.643140634375 0.8041608828125 0.6090895609375 0.8104658078125 0.5858498765625 0.815494990625 0.581456659375 0.8286386421874999 0.5774227125 0.8447547140625 0.5658272671875 0.853229275 0.5580697734375 0.899941584375 0.5502466593750001 0.9113061015625 0.5417379312499999 0.8964656968750001 0.5344868890625001 0.8797638687499999 0.52957121875 0.8511115203124999 0.5166532578125 0.836548903125 0.5080956750000001 0.8274884265625 0.49934209531249996 0.803587696875 0.48333746875
0 0.5696205140624999 0.451737790625 0.557032275 0.45315873125 0.5182695390625 0.47496146093749997 0.49565343593750005 0.5042929171874999 0.5128586578125 0.5325298375 0.5414286140625 0.5522580765625 0.5935911093749999 0.5701732734375 0.6427507578125 0.5765258640625001 0.66214730625 0.575186525 0.688434621875 0.567118559375 0.697937628125 0.5609452562499999 0.711328571875 0.5364806484375 0.7095494390625 0.5320058671875 0.6950692015625 0.5166380796875 0.6633316437500001 0.498967646875 0.6212275890625001 0.47226603125000005 0.5696205140624999 0.451737790625
0 0.4618374828125 0.52851274375 0.4555846 0.5258180640625 0.43479951093749997 0.5336899749999999 0.43071617812499996 0.5464775453125 0.42077076875 0.5675778328125001 0.41240901093750004 0.5876492234375 0.408521075 0.605940528125 0.41869239062499997 0.6094680203125 0.43761596875000003 0.603931534375 0.4560664484375 0.5941977953124999 0.46612494687500006 0.585411465625 0.46945746406250005 0.5697332046875 0.47215209687500004 0.56347825 0.4690363046875 0.5396017171875 0.4618374828125 0.52851274375
0 0.436514009375 0.67334020625 0.42028507812499993 0.672621665625 0.4147828515625 0.6728177203125 0.39894456875 0.683106621875 0.395221546875 0.6877774734375001 0.391138215625 0.700565040625 0.39730880625 0.7100698703125 0.4173735609375 0.7184314546875 0.428182746875 0.7125357140624999 0.4300442578125 0.7102002890625 0.4327388890625 0.703945334375 0.4491326078125 0.6910433171875 0.4487420875 0.680035978125 0.436514009375 0.67334020625
0 0.1733632265625 0.75532599375 0.187452815625 0.7596863421875 0.199207925 0.7621849671875001 0.2118786203125 0.7539538015625 0.226133109375 0.744693765625 0.24086055312500002 0.7396309515625 0.25064134843749997 0.73215110625 0.26311665 0.7184162046875 0.2694215015625 0.695176503125 0.2683931125 0.6935923984375 0.27231152812500004 0.6944252843750001 0.2772278390625 0.67771815625 0.2732790703125 0.6577611828125 0.2601049234375 0.6426710124999999 0.2515174171875 0.63811458125 0.227564725 0.6480442984375 0.22225776718749998 0.6537439875 0.217228509375 0.6581371890625001 0.20717015625 0.6669235515625 0.1824971296875 0.693086765625 0.1689933125 0.7052374625 0.1565180265625 0.7189722921875 0.1502954828125 0.735401771875 0.1733632265625 0.75532599375
0 0.18467943125 0.5993278906249999 0.18198479843749998 0.6055828453125 0.1812949609375 0.640940459375 0.18568634687500002 0.6459704921875 0.204722728125 0.6527479015625001 0.210780359375 0.6499388765624999 0.215892065625 0.6387354828125 0.2257551828125 0.6244453453125 0.24195363281249999 0.6060396953125 0.24939980624999997 0.5966980953125 0.2517418609375 0.5700275109375 0.24711715 0.5689019625 0.222135940625 0.577247475 0.2142167984375 0.582391925 0.1925985734375 0.594183440625 0.18467943125 0.5993278906249999
0 0.284400025 0.496259375 0.282733765625 0.5040985046875 0.275626128125 0.55038189375 0.2826601953125 0.5750912828125 0.2945282484375 0.589903834375 0.31106525 0.6084399015625 0.32443465 0.6290337796875 0.34541499062500003 0.626665571875 0.352778728125 0.6241340921874999 0.36739336875 0.60675738125 0.3672805671875 0.5944434859375 0.3773389359375 0.5856570515625 0.3930644171875 0.5630542546874999 0.39620168125 0.5418722890625001 0.38238965 0.536205425 0.36335326874999996 0.529428015625 0.356071996875 0.52514923125 0.33775579218749996 0.502138365625 0.32422149375 0.49516487187499997 0.3166625046875 0.49219264531249995 0.284400025 0.496259375
0 0.16178030000000002 0.39057340156250003 0.1685366484375 0.4165893453125 0.1738741046875 0.43001377500000004 0.17612611875 0.4386857609375 0.169153046875 0.452224609375 0.188579946875 0.47000935625 0.2023919625 0.47567629218749996 0.22962520312499998 0.47600269375000004 0.23996141718750003 0.4659098046875 0.2437668890625 0.4544287640625 0.24598805 0.43922570937499994 0.2520981515625 0.41523325624999996 0.2672985796875 0.4143675171875 0.27280079218750003 0.414171534375 0.2845254046875 0.3975460421875 0.293052078125 0.3638541984375 0.2928566734375 0.3583504984375 0.2648422734375 0.33600928125 0.2517810734375 0.3332330375 0.2504749828125 0.3329554203125 0.2356650734375 0.34482849843749996 0.22477343906249997 0.3575344296875 0.21274062031250002 0.356342325 0.198373328125 0.3532884640625 0.17225078437500002 0.3477359453125 0.16488706250000001 0.350267353125 0.1544685328125 0.3671704984375 0.1598059875 0.3805949296875 0.16178030000000002 0.39057340156250003
0 0.07876533125 0.3269201140625 0.0725948984375 0.31741524375 0.06270129218750001 0.3125812296875 0.0425540796875 0.31102987187500003 0.032300315625 0.31431256875 0.014030890625 0.381437734375 0.0193609484375 0.3880328015625 0.037256135937500004 0.3809122109375 0.0448975765625 0.3770742453125 0.056622189062499995 0.36044875468750004 0.05856615 0.3513031359375 0.0736537671875 0.33812353906250003 0.07876533125 0.3269201140625
0 0.43799491562500004 0.4820989046875 0.449801978125 0.458663221875 0.45024459375000003 0.4437362828125 0.4284830859375 0.424089709375 0.423258578125 0.42297920624999996 0.399305740625 0.4329088953125 0.38988525625000003 0.43227202187499997 0.387581128125 0.44953438749999997 0.3834979390625 0.4623219859375 0.378776896875 0.4845327484375 0.382612721875 0.49217579375 0.41359960625000003 0.5069555640625001 0.41015430156250005 0.51031985625 0.41648949062499996 0.5062043140625 0.43799491562500004 0.4820989046875
0 0.33462225624999997 0.349896590625 0.33529047031250003 0.3595974796875 0.33801559999999997 0.3724666421875 0.33598933125 0.3884224796875 0.3441342234375 0.40790585312500005 0.350582365625 0.4161042015625 0.3632834125 0.4269971234375 0.37373243125 0.42921812968750006 0.386680828125 0.4196804765625 0.401377784375 0.39549350781250003 0.409512128125 0.3885270328125 0.43341466874999995 0.3667989515625 0.4304942875 0.3484260828125 0.42860228906250003 0.3316373546875 0.41962426875 0.316073546875 0.393306465625 0.3050173609375 0.382857446875 0.30279635312500003 0.3737146640625 0.3008529953125 0.3500395390625 0.30947616093749997 0.34603881406250003 0.31545349843750004 0.34073184843750004 0.3211532203125 0.33486947031250003 0.32946595156249997 0.33462225624999997 0.349896590625
0 0.45545388750000004 0.385139003125 0.46704409687500004 0.40125800937499995 0.482717621875 0.4045895203125 0.5102285656250001 0.40360943593750004 0.5383775281250001 0.3932061109375 0.5522413609375 0.37293867187499996 0.548683103125 0.363989075 0.5374834125 0.35887740468749996 0.5092217921875 0.3569668640625 0.48574192656250004 0.3710937015625 0.47501534375 0.3701792453125 0.46009248906250005 0.3697383953125 0.45545388750000004 0.385139003125
0 0.6632225484375 0.31323011875 0.6150608562500001 0.2893375640625 0.605917928125 0.28739417500000003 0.586799090625 0.2874269921875 0.585163334375 0.31439020625 0.5746318609375 0.318979425 0.56413088125 0.3426927609375 0.5745279375 0.3708481140625 0.6169097812500001 0.3962431859375 0.63828070625 0.40488236874999994 0.6752122843749999 0.40453915 0.69098265 0.3881454765625 0.7106944078125 0.3724802515625 0.737537134375 0.3617992765625 0.7464542421875 0.3391148265625 0.746228565625 0.3144870203125 0.73138816875 0.30723594374999996 0.7190472156250001 0.288226259375 0.7091536171875 0.283392209375 0.6723349125 0.2960493375 0.6671408921875 0.3140629875 0.6632225484375 0.31323011875
0 0.76025730625 0.2805991625 0.7614505234375 0.2685628703125 0.7738130859375 0.24251412343749998 0.7883147875 0.21282345 0.7845612796875 0.19837014687500001 0.7593543859375 0.1820878859375 0.7428477296875 0.1826759421875 0.7310926203125 0.180177315625 0.700999840625 0.19972628750000002 0.6996113 0.20625885937500002 0.7111496109375001 0.2483122640625 0.7392768859375 0.282967390625 0.7452520734375 0.2869685203125 0.76025730625 0.2805991625
0 0.48434820468749995 0.140020090625 0.44725186250000004 0.1539837578125 0.44697415312500005 0.15529027812500001 0.43777926562499997 0.17928123437500001 0.4333054359375 0.18106135625 0.40971275937499996 0.18287433125000002 0.3947380875 0.20836785781249997 0.402410015625 0.22365404687499998 0.407356821875 0.2260710359375 0.4290878359375 0.226593490625 0.43906389062500006 0.2246173140625 0.45320543437499994 0.203043353125 0.45181688593749997 0.2095759625 0.45812174531250005 0.18633622656249998 0.46315099374999996 0.181943059375 0.47621219375 0.184719303125 0.49335671875 0.1747080140625 0.5012758609375 0.1695635640625 0.48434820468749995 0.140020090625
0 0.7105852406250001 0.18674270625 0.7088061140625 0.1822678890625 0.7061634406249999 0.1625885171875 0.7149981640624999 0.1467142921875 0.7196367609375 0.131313703125 0.7169117046875 0.11844455625000001 0.7075735234375 0.1109974796875 0.692373034375 0.1118631484375 0.6736447109375 0.12290332343749999 0.677901746875 0.1606779609375 0.6857384390625 0.1623437 0.7027485484375 0.1850769671875 0.7105852406250001 0.18674270625
0 0.1255601625 0.312286825 0.12864531562499998 0.31703920937499996 0.168384471875 0.3227549625 0.20036925781249998 0.319994684375 0.221071890625 0.3189329984375 0.2423300921875 0.315258265625 0.2596697265625 0.31075065 0.274006665625 0.2946804265625 0.2937633734375 0.2852243734375 0.3257176640625 0.2633399765625 0.3337192640625 0.2513852984375 0.33368891093749997 0.2322612125 0.32276693125 0.225843021875 0.3048717328125 0.2329636484375 0.295924203125 0.2365239953125 0.27194087968749997 0.22732953125000002 0.2632405703125 0.21045920156250003 0.24912049218750001 0.1869747 0.2228028390625 0.17591850625 0.1939856546875 0.17662097968749998 0.1632245171875 0.18646903125 0.15166480468750002 0.189474140625 0.13123973125 0.1892293109375 0.1130364796875 0.1785323359375 0.08652342187499999 0.16197244375 0.0623522515625 0.1541036015625 0.038574821875 0.2719487453125 0.0464115140625 0.2736144859375 0.06497492499999999 0.276194746875 0.07047714375 0.275998728125 0.0995720375 0.273989734375 0.1016288 0.27715801406249996 0.10546476093749999 0.28480112812499997 0.11285898593749999 0.30139380312499997 0.1255601625 0.312286825
0 0.28323852031249996 0 0.273077034375 0.003621378125 0.246707271875 0.01849951875 0.24779664218750003 0.058331910937499995 0.27233524062500003 0.064913303125 0.310963565625 0.0758551078125 0.284984321875 0.101740603125 0.253945609375 0.11289524531249999 0.21745650625000001 0.0983114921875 0.1761031875 0.0745005890625 0.15120442812499998 0.07603591093749999 0.13761816093749998 0.0949967984375 0.13017198125 0.10433843125 0.100109690625 0.14301155625 0.12175825468749998 0.15034420312500002 0.1480760578125 0.161400390625 0.178116875 0.1677857640625 0.2069340515625 0.16708332812499999 0.21766078125 0.1679978125 0.255816 0.1747424046875 0.2693501625 0.18171583125 0.275993709375 0.1954178796875 0.2778032578125 0.2190167984375 0.294782875 0.22262592812499998 0.313038096875 0.2073885234375 0.300224253125 0.1841816703125 0.2951645078125 0.16945071875 0.3120313234375 0.1607459515625 0.328147325 0.14915049062500002 0.342124103125 0.1411969796875 0.3851957703125 0.13123450781249998 0.3909147140625 0.09148369843750001 0.39219045625 0.0726372109375 0.3814332359375 0.0525985890625 0.3519783296875 0.0627243078125 0.335749384375 0.062005840624999996 0.334525746875 0.054918015625000004 0.3491402546875 0.03754121875 0.37523230625 0.0239696015625 0.400100721875 0.0033101578125 0.4003558546875 0 0.28323852031249996 0
0 0.7781346015625 0.145113334375 0.7599617656250001 0.1535404984375 0.7652166953124999 0.173775121875 0.77110949375 0.1845865125 0.7848389890624999 0.1970636234375 0.8026213109375 0.1776290875 0.7999785640625 0.1579496984375 0.790445125 0.1449989359375 0.7781346015625 0.145113334375
0 0.7313005375 0.076439953125 0.7443313171875 0.0600920765625 0.74516444375 0.05617252968749999 0.7255726421875 0.052008162499999996 0.703203684375 0.0609089453125 0.7007043046875 0.0726676046875 0.6978448328125 0.0925430109375 0.704292978125 0.1007413421875 0.70401526875 0.1020478625 0.7180745015625 0.0872841421875 0.7236591031249999 0.0802779 0.7313005375 0.076439953125