0 0.2046875 0.5515625 0.115625 0.19375
0 0.02421875 0.66953125 0.0484375 0.1390625
0 0.303125 0.703125 0.084375 0.24375
0 0.3578125 0.77890625 0.0828125 0.1796875
0 0.36171875 0.625 0.040625 0.09375
0 0.440625 0.478125 0.0765625 0.2015625
0 0.39765625 0.4359375 0.0609375 0.16875
0 0.515625 0.27734375 0.0625 0.1328125
0 0.47265625 0.6203125 0.0546875 0.225
0 0.503125 0.73984375 0.0390625 0.084375
0 0.5609375 0.734375 0.034375 0.0796875
0 0.55390625 0.559375 0.0375 0.1015625
0 0.58828125 0.68203125 0.0359375 0.0953125
0 0.6421875 0.6046875 0.0296875 0.0671875
0 0.634375 0.40625 0.0265625 0.0765625
0 0.53125 0.42578125 0.0625 0.209375
0 0.69453125 0.68203125 0.0265625 0.059375