0 0.354149265625 0.605711806640625 0.374563390625 0.592261654296875
0 0.467186857421875 0.603085892578125 0.438214251953125 0.602579310546875
0 0.592603439453125 0.83199528515625 0.622827603515625 0.82031748046875
0 0.4627986015625 0.83572875 0.490963986328125 0.802403841796875
0 0.106379611328125 0.96576683203125 0.125891890625 0.99352208984375
0 0.288426640625 1 0.297897498046875 0.97731971484375
0 0.41370684765625 1 0.435574560546875 0.9803272890625
0 0.54425268359375 0.881175587890625 0.507636607421875 0.87633319921875
0 0.74538837890625 1 0.737048462890625 0.9821967734375
0 0.339493466796875 0.8317718515625 0.376553876953125 0.79059835546875
0 0.784647125 0.67166903515625 0.799934060546875 0.68034064453125
