0 0.462170328125 0.3534365390625 0.47088639453125 0.399869228515625
0 0.5494120859375 0.494271005859375 0.552516603515625 0.451065544921875
0 0.729237541015625 0.5364832734375 0.748309611328125 0.60914651953125
0 0.791042255859375 0.41018465234375 0.790227138671875 0.350765826171875
0 0.791075755859375 0 0.7806536796875 0.01224760546875
0 0.88089156640625 0.0822907265625 0.8634497265625 0.128465130859375
0 0.9117128203125 0.3426338515625 0.950048041015625 0.329917107421875
0 0.955839939453125 0.406733390625 0.947288234375 0.400529599609375
0 0.7677615234375 0.27029279296875 0.7661832734375 0.2450820625
0 0.669527453125 0.835435986328125 0.65893440234375 0.8518171015625
