0 0.509650572265625 0.34586801953125 0.5215481640625 0.36086224609375
0 0.35791683984375 0.215405798828125 0.398621921875 0.20918511328125
0 0.360749251953125 0.258331376953125 0.429060021484375 0.254465189453125
0 0.398184490234375 0.39330410546875 0.45875307421875 0.41925284375
0 0.274932681640625 0.44924103125 0.306544623046875 0.465077931640625
0 1 0.79580076171875 0.988730853515625 0.784864431640625
0 0.70675680078125 0.3464630859375 0.6764958125 0.33838351953125
0 0.483125515625 0.294491125 0.48043292578125 0.280934375
0 0.389939619140625 0.593532576171875 0.48321941796875 0.5902116640625
0 0.379412314453125 0.8663528515625 0.366350201171875 0.88275972265625
