0 0.476549890625 0.69899303125 0.466099712890625 0.684809466796875
0 0.599641294921875 0.86564529296875 0.61775224609375 0.86536809765625
0 0.5804688359375 0.81932233203125 0.667453455078125 0.816198060546875
0 0.58027165234375 0.659753822265625 0.525512142578125 0.633697857421875
0 0.6950681875 0.613173349609375 0.666559109375 0.59747324609375
0 0.025547294921875 0.228974146484375 0.03542492578125 0.26288880078125
0 0.40708316015625 0.6390963359375 0.396841185546875 0.61773783203125
0 0.716509548828125 0.70607798828125 0.71073281640625 0.697201708984375
0 0.47088826953125 0.51978583203125 0.47902774609375 0.5304188828125
0 0.6795817421875 0.1902768828125 0.69238440234375 0.16497979296875
