0 0.37019230859375 0.56009615234375 0.391826923828125 0.548076923828125
0 0.44951923046875 0.59615384765625 0.485576923828125 0.59134615234375
0 0.5865384609375 0.80048076953125 0.6177884609375 0.790865384765625
0 0.47115384765625 0.733173076171875 0.43509615234375 0.71875
0 0.16826923046875 0.795673076171875 0.1177884609375 0.80769230859375
0 0.23076923046875 0.87019230859375 0.1947115390625 0.88701923046875
0 0.353365384765625 0.9615384609375 0.375 0.96875
0 0.5 1 0.46634615234375 0.96634615234375
0 0.490384615234375 0.93990384765625 0.5240384609375 0.94230769140625
0 0.7259615390625 0.985576923828125 0.71634615234375 0.959134615234375
0 0.37740384765625 0.71634615234375 0.358173076171875 0.7115384609375
0 1 0.83173076953125 0.96634615234375 0.822115384765625
