0 0.741036822265625 0.56485196875 0.74565038671875 0.549423294921875
0 0.886695427734375 0.741990880859375 0.874783908203125 0.716894328125
0 0.83952162109375 0.710702458984375 0.821386314453125 0.65068223046875
0 0.681283759765625 0.680210271484375 0.691110736328125 0.669756744140625
0 0.618750623046875 0.776135158203125 0.639195787109375 0.70259096484375
0 0.348422845703125 0.057463720703125 0.342589966796875 0.025327076171875
0 0.64201596484375 0.374250673828125 0.62937701953125 0.3774442734375
0 0.706214908203125 0.63993137890625 0.712691802734375 0.661367171875
0 0.470499208984375 0.674321982421875 0.48222141015625 0.6885594296875
0 0.08397528515625 0.50225154296875 0.058633607421875 0.532985728515625
