0 0.323127087890625 0.618539501953125 0.3224219140625 0.64048371875
0 0.404110623046875 0.8821689609375 0.421040486328125 0.890666515625
0 0.4102329765625 0.8272667109375 0.492469751953125 0.866313767578125
0 0.3815911640625 0.612207146484375 0.388320947265625 0.63119372265625
0 0.4963750546875 0.61630470703125 0.49002659375 0.635416404296875
0 0.194765626953125 0.002885416015625 0.19204193359375 0.01535859375
0 0.273013943359375 0.522032234375 0.24953824609375 0.545926205078125
0 0.407268591796875 0.669691669921875 0.39819717578125 0.680747193359375
0 0.579683015625 0.55777750390625 0.601169666015625 0.5529535234375
0 0.678138798828125 0.092107583984375 0.657273005859375 0.106162453125
