0 0.64317541015625 1 0.643108134765625 0.9976054453125
0 0.525933767578125 0.5534460078125 0.54185719140625 0.57471776953125
0 1 0.764694361328125 0.97400383984375 0.7612449296875
0 0.377618701171875 0.36790489453125 0.323375875 0.382603279296875
0 0.715939349609375 0.41553365625 0.713174705078125 0.415714212890625
0 0.711213916015625 0.36564094140625 0.708449267578125 0.36582149609375
0 0.758614828125 0.33744458203125 0.7613794765625 0.337264025390625
0 0.79322632421875 0.37980755078125 0.79046167578125 0.37998810546875
0 0.550478791015625 0.342670802734375 0.542184853515625 0.343212470703125
0 0.4191046796875 0.306627279296875 0.41357538671875 0.306988390625
0 0.46767880859375 0.320188740234375 0.50638385546875 0.3176609609375
0 0.611440412109375 0.31079984765625 0.608675765625 0.31098040234375
0 0.4828309453125 0.274575771484375 0.480066298828125 0.274756326171875
0 0.523250541015625 0.260780166015625 0.528517310546875 0.257647234375
0 0.4436171328125 0.2129906328125 0.44914642578125 0.212629521484375
0 0.359627650390625 0.20732003125 0.370686234375 0.206597810546875
0 0.480870154296875 0.224502498046875 0.461517634765625 0.225766388671875
0 0.475078337890625 0.222091794921875 0.4889015703125 0.221189013671875
