0 0.87259615234375 0.81490384765625 0.858173076171875 0.759615384765625
0 0.46394230859375 0.47115384765625 0.41826923046875 0.4759615390625
0 0.079326923828125 0.8052884609375 0.09134615234375 0.8365384609375
0 0.584134615234375 0.420673076171875 0.62259615234375 0.423076923828125
0 0.3509615390625 0.454326923828125 0.358173076171875 0.454326923828125
0 0.391826923828125 0.40384615234375 0.40625 0.40384615234375
0 0.37019230859375 0.365384615234375 0.375 0.365384615234375
0 0.322115384765625 0.391826923828125 0.31009615234375 0.391826923828125
0 0.521634615234375 0.39423076953125 0.53605769140625 0.39423076953125
0 0.673076923828125 0.334134615234375 0.68269230859375 0.334134615234375
0 0.5625 0.31490384765625 0.52884615234375 0.31490384765625
0 0.4759615390625 0.34615384765625 0.485576923828125 0.34615384765625
0 0.59134615234375 0.30769230859375 0.603365384765625 0.30769230859375
0 0.5697115390625 0.27644230859375 0.572115384765625 0.27644230859375
0 0.6009615390625 0.228365384765625 0.57451923046875 0.228365384765625
0 0.6322115390625 0.2259615390625 0.62980769140625 0.2259615390625
0 0.5384615390625 0.25240384765625 0.53605769140625 0.25240384765625
0 0.514423076171875 0.25480769140625 0.53125 0.25480769140625
