0 0.45448116796875 0.32691031640625 0.44515987890625 0.343556896484375
0 0.643864771484375 0.212551041015625 0.6499765625 0.185762869140625
0 0.705374763671875 0.245562337890625 0.70555075390625 0.23547983984375
0 0.50132070703125 0.35966554296875 0.4875734296875 0.371192080078125
0 0.58195647265625 0.396372537109375 0.5782776640625 0.413117607421875
0 0.061744359375 0.77390570703125 0.06486586328125 0.789088546875
0 0.38194864453125 0.408009744140625 0.35109793359375 0.42932330859375
0 0.53124824609375 0.32656936328125 0.533299916015625 0.338371673828125
0 0.49900349609375 0.492418427734375 0.490928033203125 0.502363041015625
0 0.50348348828125 0.88247198828125 0.53175455859375 0.87960360546875
