0 0.5619193984375 0.330967060546875 0.54837110546875 0.32932121484375
0 0.461088666015625 0.1568644921875 0.44466153515625 0.15276875
0 0.46913469921875 0.2039058125 0.389877892578125 0.185876994140625
0 0.44987372265625 0.3324770390625 0.438391080078125 0.33654258984375
0 0.406572720703125 0.361519732421875 0.342523265625 0.35247890625
0 0.8068349140625 0.80427680859375 0.780426876953125 0.80288891796875
0 0.67763054296875 0.375406203125 0.64765512109375 0.369664615234375
0 0.50155581640625 0.26048876953125 0.47555437109375 0.25747012890625
0 0.46687705859375 0.46489360546875 0.435117943359375 0.45697516796875
0 0.402825634765625 0.745116951171875 0.379421064453125 0.74101366015625
