0 0.611263248046875 0.540414037109375 0.63368358203125 0.550894833984375
0 0.521313396484375 0.56357195703125 0.520759927734375 0.59011753515625
0 0.402788208984375 0.798373359375 0.434632822265625 0.805785431640625
0 0.56378894140625 0.7919345234375 0.61431442578125 0.79081115234375
0 0.92328584765625 0.90174015234375 0.938059576171875 0.87179048046875
0 0.808802623046875 0.95312048828125 0.831608740234375 0.934657716796875
0 0.657393853515625 0.95888858984375 0.678472716796875 0.950185462890625
0 0.657175751953125 0.990230150390625 0.65070293359375 0.96658561328125
0 0.506873919921875 0.94290708984375 0.540278103515625 0.93816152734375
0 0.31439094921875 1 0.41910395703125 0.99723888671875
0 0.685248037109375 0.7713926953125 0.706829951171875 0.76988354296875
0 0.036100537109375 1 0.10825402734375 0.997288185546875
