0 0.6490384609375 0.52644230859375 0.608173076171875 0.53125
0 0.55769230859375 0.576923076171875 0.545673076171875 0.5625
0 0.447115384765625 0.73798076953125 0.3822115390625 0.75
0 0.52884615234375 0.733173076171875 0.51201923046875 0.764423076171875
0 0.8125 0.8990384609375 0.84375 0.9302884609375
0 0.72115384765625 0.92548076953125 0.7427884609375 0.96634615234375
0 0.579326923828125 0.8990384609375 0.584134615234375 0.9375
0 0.62259615234375 1 0.6177884609375 0.9759615390625
0 0.4447115390625 0.87980769140625 0.447115384765625 0.915865384765625
0 0.34615384765625 0.927884615234375 0.30769230859375 0.93509615234375
0 0.62259615234375 0.71634615234375 0.625 0.74519230859375
0 0 0.96634615234375 0.07451923046875 0.96875
