0 0.3266242421875 0.52344004296875 0.32276298046875 0.539993423828125
0 0.44905348828125 0.558281498046875 0.43582294140625 0.57160214453125
0 0.52203426953125 0.772186935546875 0.534726388671875 0.79260158203125
0 0.431125814453125 0.7907767890625 0.464980515625 0.762369322265625
0 0.16645189453125 0.7820989921875 0.155735453125 0.76668325390625
0 0.24398108203125 0.861272771484375 0.23524032421875 0.850855939453125
0 0.293431720703125 0.875251255859375 0.28966055859375 0.91835583203125
0 0.45642212890625 0.99809734765625 0.425829470703125 0.961638439453125
0 0.44660234375 0.86210863671875 0.438969919921875 0.921766595703125
0 0.68186476171875 1 0.675506671875 0.976243279296875
0 0.31004372265625 0.768118337890625 0.35410574609375 0.73336480859375
0 0.9581655859375 1 0.969185107421875 0.8740463046875
