0 0.717842259765625 0.58350914453125 0.699770646484375 0.591385455078125
0 0.930250169921875 0.490636330078125 0.93423946875 0.471065810546875
0 0.874775359375 0.500251748046875 0.891964240234375 0.40583
0 0.699293451171875 0.462461279296875 0.65766329296875 0.515228787109375
0 0.67529920703125 0.327738099609375 0.651278544921875 0.3547016796875
0 0.1548798046875 0.9421021640625 0.17933429296875 0.9029130234375
0 0.635519384765625 0.644056015625 0.609608755859375 0.649999322265625
0 0.782525474609375 0.3267730859375 0.7713969375 0.33088033984375
0 0.519473287109375 0.546926431640625 0.533093486328125 0.540693025390625
0 0.20668036328125 0.243699169921875 0.18190333984375 0.223886654296875
