0 0.39238878515625 0.53313312109375 0.351445720703125 0.529039361328125
0 0.4843083671875 0.565187630859375 0.455424654296875 0.5632875859375
0 0.622133623046875 0.74790623046875 0.5570298984375 0.73702155859375
0 0.415182623046875 0.73709330078125 0.405946279296875 0.75889243359375
0 0.0949202734375 0.846064630859375 0.096011048828125 0.90855511328125
0 0.19244391796875 0.92370135546875 0.207536046875 0.961905318359375
0 0.423513626953125 0.93890171875 0.42764933984375 0.900362130859375
0 0.50436339453125 1 0.508726203125 0.99992384765625
0 0.560134412109375 0.91487908203125 0.56190859765625 0.8787849296875
0 0.69987187890625 0.93167365234375 0.661290337890625 0.9251344609375
0 0.314362318359375 0.74606576171875 0.309932935546875 0.76778098828125
0 1 0.82142898828125 0.97189681640625 0.813927462890625
