0 0.54887844140625 0.35929114453125 0.57555494921875 0.36399493359375
0 0.42053138671875 0.19671894921875 0.455572234375 0.1994843984375
0 0.41633382421875 0.2335239921875 0.47413292578125 0.243715533203125
0 0.5176566640625 0.3998640859375 0.54134631640625 0.395508212890625
0 0.373991125 0.408663962890625 0.414589580078125 0.412409365234375
0 0.83108850390625 0.86471441796875 0.844662740234375 0.87222772265625
0 0.58978127734375 0.3938090078125 0.583292275390625 0.404611017578125
0 0.35223837890625 0.278540013671875 0.318545037109375 0.28113196484375
0 0.362969388671875 0.497170296875 0.37093016015625 0.51052019140625
0 0.325458095703125 0.76190533984375 0.27193749609375 0.77294740625
