0 0.497805447265625 0.351059515625 0.524481955078125 0.346355728515625
0 0.321595703125 0.24218890234375 0.35546916796875 0.2328028984375
0 0.330239349609375 0.27820998046875 0.38803844921875 0.268018439453125
0 0.4823433359375 0.3998640859375 0.50311453125 0.38766856640625
0 0.350351625 0.4572697734375 0.389782697265625 0.446903810546875
0 0.935861099609375 0.72948051171875 0.951186412109375 0.73189804296875
0 0.54804734765625 0.369506103515625 0.54564418359375 0.38187604296875
0 0.28540571875 0.34243313671875 0.254630833984375 0.35639257421875
0 0.370265529296875 0.5442081796875 0.382312140625 0.554030232421875
0 0.425561162109375 0.80580736328125 0.379044857421875 0.834488634765625
