0 0.530615693359375 0.365356115234375 0.51215215625 0.367243630859375
0 0.5589482890625 0.50979262109375 0.566226763671875 0.542533302734375
0 0.82883564453125 0.640565412109375 0.805004556640625 0.623304734375
0 0.820478392578125 0.524026154296875 0.815144736328125 0.46705641796875
0 0.776527017578125 0.2113989375 0.79459142578125 0.225703697265625
0 0.876437599609375 0.313063625 0.888735330078125 0.324412462890625
0 1 0.4372867734375 0.989809416015625 0.4153218671875
0 0.930376646484375 0.63963946484375 0.970378158203125 0.63870164453125
0 0.787525681640625 0.384789220703125 0.784086009765625 0.360322744140625
0 0.884880208984375 1 0.87627753125 0.920926796875
