0 0.48522941015625 0.32163567578125 0.473159083984375 0.33641073046875
0 0.691594130859375 0.241899892578125 0.702264787109375 0.216579994140625
0 0.746437294921875 0.285090771484375 0.748361419921875 0.27519201171875
0 0.52566946484375 0.362026875 0.510129478515625 0.370991111328125
0 0.59870608984375 0.41217846484375 0.592175419921875 0.4280303203125
0 0.020839220703125 0.693642169921875 0.021276828125 0.709136392578125
0 0.39971605078125 0.38890787890625 0.36563296875 0.404540474609375
0 0.560889427734375 0.334630365234375 0.56086048046875 0.346609640625
0 0.50033516015625 0.492360568359375 0.49065551953125 0.50075180859375
0 0.437015001953125 0.87726628125 0.46535466015625 0.8793506953125
