1 0.0041666484375 0.7502645515624999 0.03807276875 0.763430328125
1 0.076171875 0.8033854171874999 0.078125 0.8268229171874999
1 0.154296875 0.6236979171875 0.154296875 0.6158854171875
1 0.251953125 0.7252604171875 0.2626953125 0.7265625
1 0.265625 0.58984375 0.26953125 0.58203125
1 0.291015625 0.6184895828125 0.291015625 0.60546875
1 0.31640625 0.6471354171875 0.310546875 0.6315104171875
1 0.3310546875 0.6197916671875 0.328125 0.6236979171875
1 0.31640625 0.5690104171875 0.314453125 0.58203125
1 0.34765625 0.6002604171875 0.34375 0.5950520828125
1 0.3828125 0.6497395828125 0.380859375 0.6471354171875
1 0.3994140625 0.578125 0.3916015625 0.578125
1 0.443359375 0.64453125 0.443359375 0.6393229171875
1 0.478515625 0.6471354171875 0.484375 0.6419270828125
1 0.5302734375 0.5729166671875 0.5244140625 0.5729166671875
1 0.513671875 0.5950520828125 0.513671875 0.58203125
1 0.841796875 0.5872395828125 0.8369140625 0.5833333328125
1 0.7900390625 0.5755208328125 0.787109375 0.5794270828125
1 0.751953125 0.5794270828125 0.75 0.58984375
1 0.720703125 0.5872395828125 0.720703125 0.59765625
1 0.7138671875 0.5807291671875 0.7099609375 0.5807291671875
1 0.6845703125 0.5859375 0.673828125 0.61328125
1 0.5751953125 0.5807291671875 0.572265625 0.5846354171875
1 0.53515625 0.6106770828125 0.5390625 0.6184895828125
1 0.556640625 0.6236979171875 0.55859375 0.62890625
1 0.61328125 0.60546875 0.6083984375 0.5989583328125
1 0.66015625 0.58984375 0.6591796875 0.5963541671875
1 0.650390625 0.6002604171875 0.65625 0.5950520828125
