1 0.8145141593749999 0.3876953125 0.8171081546875 0.3857421875
1 0.0473571609375 0.4243386625 0.7672897484375001 0.3385313125
1 0.25161743125 0.2841796875 0.2568054203125 0.2763671875
1 0.3424072265625 0.3212890625 0.33462524375 0.3115234375
1 0.37872314375 0.3173828125 0.3709411625 0.3056640625
1 0.40206909218750003 0.2822265625 0.399475096875 0.2724609375
1 0.4461669921875 0.3193359375 0.4461669921875 0.2900390625
1 0.472106934375 0.3134765625 0.472106934375 0.2900390625
1 0.43968200625 0.263671875 0.43319702187500003 0.2685546875
1 0.477294921875 0.2861328125 0.47470092812500003 0.2978515625
1 0.5084228515625 0.3310546875 0.5071258546874999 0.328125
1 0.5058288578125001 0.2939453125 0.5058288578125001 0.3154296875
1 0.535659790625 0.29296875 0.5291748046875 0.2958984375
1 0.53436279375 0.2783203125 0.53436279375 0.2841796875
1 0.5901336671874999 0.2734375 0.5784606937500001 0.2783203125
1 0.6627655031249999 0.26953125 0.6575775140625 0.26953125
1 0.6783294671875 0.2734375 0.6744384765625 0.2763671875
1 0.726318359375 0.2978515625 0.726318359375 0.3037109375
1 0.6951904296875 0.3056640625 0.70037841875 0.3115234375
1 0.7574462890625 0.3095703125 0.767822265625 0.3115234375
1 0.596618653125 0.2783203125 0.5940246578124999 0.2861328125
1 0.6095886234375001 0.3349609375 0.6303405765625001 0.3349609375
1 0.7522583 0.3291015625 0.7561492921874999 0.333984375
1 0.7613372796875 0.279296875 0.7548522953125001 0.2861328125
1 0.78857421875 0.2978515625 0.79376220625 0.2978515625
1 0.8197021484375 0.2861328125 0.8197021484375 0.2939453125
1 0.85472106875 0.2734375 0.848236084375 0.2744140625
1 0.850830078125 0.2802734375 0.8560180656249999 0.2783203125
1 0.8560180656249999 0.3173828125 0.85472106875 0.3125
1 0.8612060546875 0.3115234375 0.8638000484375 0.3134765625
