1 0.8171081546875 0.3720703125 0.8235931390625 0.369140625
1 0.6449142140624999 0.327253778125 0.0226216890625 0.38462210625000004
1 0.2568054203125 0.2666015625 0.252914428125 0.263671875
1 0.33462524375 0.3017578125 0.328140259375 0.296875
1 0.36834716875 0.2919921875 0.3631591796875 0.2861328125
1 0.39039611875 0.271484375 0.3839111328125 0.2802734375
1 0.44357299843750003 0.2861328125 0.43319702187500003 0.2802734375
1 0.46432495156250003 0.2822265625 0.46432495156250003 0.2705078125
1 0.43319702187500003 0.2783203125 0.4370880125 0.28125
1 0.472106934375 0.2998046875 0.472106934375 0.3095703125
1 0.5032348625 0.3291015625 0.5032348625 0.3388671875
1 0.5084228515625 0.3173828125 0.5084228515625 0.3251953125
1 0.5291748046875 0.3017578125 0.5213928218749999 0.3076171875
1 0.5265808109375001 0.2900390625 0.5265808109375001 0.2939453125
1 0.5758667 0.2841796875 0.5680847171875001 0.2900390625
1 0.6536865234375 0.2744140625 0.6459045406249999 0.2783203125
1 0.6744384765625 0.2802734375 0.6692504875 0.2861328125
1 0.73020935 0.306640625 0.7328033453125 0.3046875
1 0.70037841875 0.3330078125 0.7081603999999999 0.3330078125
1 0.767822265625 0.3154296875 0.7704162593749999 0.3173828125
1 0.5888366703125001 0.2919921875 0.5888366703125001 0.2958984375
1 0.6355285640624999 0.3330078125 0.638122559375 0.3037109375
1 0.7600402828124999 0.3330078125 0.7652282718750001 0.3251953125
1 0.7522583 0.3037109375 0.7561492921874999 0.306640625
1 0.8041381843750001 0.2919921875 0.8041381843750001 0.2880859375
1 0.8235931390625 0.294921875 0.82748413125 0.3017578125
1 0.848236084375 0.2783203125 0.8404541015625 0.2861328125
1 0.85472106875 0.2734375 0.848236084375 0.2744140625
1 0.850830078125 0.3134765625 0.850830078125 0.3193359375
1 0.8638000484375 0.3193359375 0.8663940437500001 0.3232421875
