1 0.7911682124999999 0.4677734375 0.7911682124999999 0.4599609375
1 0.003209034375 0.40227391562500003 0.0473571609375 0.4243386625
1 0.2593994140625 0.3427734375 0.2593994140625 0.3291015625
1 0.308685303125 0.3505859375 0.31257629374999996 0.34765625
1 0.3839111328125 0.3623046875 0.37872314375 0.3564453125
1 0.40725707968749997 0.3212890625 0.40725707968749997 0.3115234375
1 0.4422760015625 0.349609375 0.43968200625 0.3515625
1 0.482482909375 0.3466796875 0.477294921875 0.3427734375
1 0.43319702187500003 0.2685546875 0.43319702187500003 0.2783203125
1 0.5032348625 0.3310546875 0.5058288578125001 0.3291015625
1 0.5071258546874999 0.328125 0.5032348625 0.3291015625
1 0.513610840625 0.2822265625 0.513610840625 0.2724609375
1 0.5421447749999999 0.3212890625 0.53955078125 0.3193359375
1 0.5525207515624999 0.2958984375 0.5525207515624999 0.2900390625
1 0.5914306640625 0.3095703125 0.5888366703125001 0.3056640625
1 0.6666564937499999 0.3056640625 0.6718444828125001 0.2998046875
1 0.6874084468749999 0.3095703125 0.690002440625 0.3076171875
1 0.7548522953125001 0.2822265625 0.7574462890625 0.2783203125
1 0.7185363765624999 0.2958984375 0.721130371875 0.2939453125
1 0.78338623125 0.2880859375 0.78338623125 0.2802734375
1 0.6044006343749999 0.3076171875 0.6095886234375001 0.2978515625
1 0.6355285640624999 0.2919921875 0.6303405765625001 0.2841796875
1 0.7522583 0.3291015625 0.7561492921874999 0.333984375
1 0.7548522953125001 0.2861328125 0.7522583 0.3037109375
1 0.8015441890625 0.2802734375 0.8015441890625 0.2763671875
1 0.8404541015625 0.2978515625 0.8378601078125 0.2958984375
1 0.8638000484375 0.2958984375 0.8663940437500001 0.2939453125
1 0.848236084375 0.2802734375 0.850830078125 0.2802734375
1 0.850830078125 0.3134765625 0.850830078125 0.3193359375
1 0.874176025 0.2978515625 0.8689880375 0.2880859375
