1 0.040976946874999996 0.8740794421875 0.9770960453124999 0.8348532000000001
1 0.05859375 0.6966145828125 0.060546875 0.6236979171875
1 0.10546875 0.7252604171875 0.1162109375 0.7005208328125
1 0.16015625 0.76953125 0.17578125 0.74609375
1 0.26953125 0.71484375 0.2646484375 0.7083333328125
1 0.224609375 0.7877604171875 0.2265625 0.7513020828125
1 0.265625 0.83203125 0.265625 0.82421875
1 0.37890625 0.7330729171875 0.384765625 0.7200520828125
1 0.3994140625 0.796875 0.40625 0.8190104171874999
1 0.482421875 0.8111979171874999 0.484375 0.7825520828125
1 0.6025390625 0.8151041671874999 0.59765625 0.80859375
1 0.650390625 0.76953125 0.6572265625 0.7578125
1 0.8125 0.7486979171875 0.814453125 0.7434895828125
1 0.845703125 0.7434895828125 0.8486328125 0.7395833328125
1 0.787109375 0.7669270828125 0.78515625 0.7643229171875
1 0.916015625 0.7877604171875 0.91796875 0.78515625
1 0.94140625 0.7669270828125 0.9453125 0.7565104171875
1 1 0.81640625 0.99609375 0.80859375
