1 0.0047449625 0.7295588328125 0.0041666484375 0.7502645515624999
1 0.056640625 0.8424479171874999 0.060546875 0.8372395828125001
1 0.15234375 0.6419270828125 0.1552734375 0.6380208328125
1 0.2265625 0.6966145828125 0.2265625 0.69140625
1 0.259765625 0.6341145828125 0.259765625 0.62890625
1 0.294921875 0.6731770828125 0.29296875 0.6627604171875
1 0.3125 0.6705729171875 0.3125 0.66015625
1 0.33984375 0.6497395828125 0.341796875 0.6471354171875
1 0.33203125 0.6028645828125 0.33203125 0.5950520828125
1 0.3515625 0.6471354171875 0.349609375 0.64453125
1 0.3720703125 0.671875 0.375 0.6783854171875
1 0.400390625 0.6575520828125 0.400390625 0.6497395828125
1 0.42578125 0.68359375 0.427734375 0.6627604171875
1 0.47265625 0.6627604171875 0.4765625 0.66796875
1 0.53125 0.6549479171875 0.533203125 0.6263020828125
1 0.509765625 0.67578125 0.509765625 0.6705729171875
1 0.8505859375 0.6328125 0.8544921875 0.640625
1 0.8046875 0.61328125 0.802734375 0.59765625
1 0.763671875 0.6315104171875 0.763671875 0.62109375
1 0.73828125 0.6393229171875 0.73828125 0.6080729171875
1 0.7265625 0.6341145828125 0.7265625 0.6263020828125
1 0.693359375 0.6419270828125 0.6953125 0.63671875
1 0.591796875 0.63671875 0.591796875 0.6263020828125
1 0.5546875 0.62109375 0.548828125 0.6002604171875
1 0.572265625 0.6028645828125 0.5703125 0.6002604171875
1 0.61328125 0.6419270828125 0.6181640625 0.640625
1 0.673828125 0.62890625 0.673828125 0.6028645828125
1 0.65625 0.6575520828125 0.658203125 0.6549479171875
