1 0.24869791718749998 0.484375 0.2513020828125 0.482421875
1 0.671875 0.2685546875 0.67578125 0.265625
1 0.5598958328125 0.2744140625 0.5611979171875 0.2734375
1 0.5963541671875 0.2685546875 0.5989583328125 0.2666015625
1 0.578125 0.2392578125 0.578125 0.2294921875
1 0.6354166671875 0.2607421875 0.6328125 0.2587890625
1 0.7942708328125 0.2392578125 0.796875 0.2373046875
1 0.8450520828125001 0.265625 0.8528645828125001 0.265625
1 0.8776041671874999 0.2470703125 0.8802083328125001 0.2451171875
1 0 0.6065824171875 1 0.610055584375
