1 0 0.7678417703125 0.052004453125 0.7825515015625
1 0.3095703125 0.5729166671875 0.3125 0.58203125
1 0.580078125 0.63671875 0.580078125 0.60546875
1 0.6689453125 0.6666666671875 0.673828125 0.6575520828125
1 0.73828125 0.4388020828125 0.740234375 0.4283854171875
1 0.736328125 0.6393229171875 0.734375 0.5950520828125
1 0.876953125 0.6028645828125 0.876953125 0.5481770828125
1 0.9296875 0.5638020828125 0.93359375 0.55078125
1 0.9930248109375001 0.5864204765625 0.9954753468750001 0.6436253765625
1 0.9990234375 0.6484375 0.9995316265625 0.61871634375
1 1 0.6028645828125 0.9990234375 0.4453125
