1 0.25390625 0.46484375 0.2513020828125 0.462890625
1 0.6822916671875 0.2802734375 0.6848958328125 0.2822265625
1 0.5651041671875 0.2470703125 0.5572916671875 0.2412109375
1 0.5963541671875 0.2373046875 0.5911458328125 0.2333984375
1 0.59375 0.2177734375 0.59375 0.2119140625
1 0.6380208328125 0.2353515625 0.640625 0.2333984375
1 0.8046875 0.2080078125 0.8072916671874999 0.2060546875
1 0.8541666671874999 0.2333984375 0.8541666671874999 0.2275390625
1 0.8880208328125001 0.2177734375 0.8932291671874999 0.2119140625
1 0 0.6065824171875 1 0.610055584375
