1 0.7222363640625 0.800530284375 0.014020582812499998 0.8087024125
1 0.09765625 0.6705729171875 0.09765625 0.6627604171875
1 0.1259765625 0.765625 0.1298828125 0.765625
1 0.185546875 0.64453125 0.1875 0.6419270828125
1 0.244140625 0.73046875 0.251953125 0.75390625
1 0.2529296875 0.6770833328125 0.2607421875 0.6796875
1 0.322265625 0.8294270828125001 0.3203125 0.8528645828125001
1 0.392578125 0.61328125 0.392578125 0.6028645828125
1 0.4228515625 0.8151041671874999 0.4140625 0.8138020828125001
1 0.5078125 0.7356770828125 0.517578125 0.7669270828125
1 0.5859375 0.7044270828125 0.587890625 0.68359375
1 0.6748046875 0.8046875 0.6904296875 0.796875
1 0.8056640625 0.703125 0.80078125 0.6966145828125
1 0.853515625 0.7044270828125 0.849609375 0.7018229171875
1 0.78515625 0.6731770828125 0.787109375 0.6653645828125
1 0.923828125 0.7044270828125 0.921875 0.7018229171875
1 0.943359375 0.6653645828125 0.943359375 0.63671875
1 1 0.81640625 0.99609375 0.80859375
