1 0 0.7678417703125 0.052004453125 0.7825515015625
1 0.318359375 0.6393229171875 0.3212890625 0.6432291671875
1 0.5859375 0.5143229171875 0.587890625 0.51171875
1 0.650390625 0.6002604171875 0.654296875 0.5794270828125
1 0.7275390625 0.4166666671875 0.72265625 0.4127604171875
1 0.72265625 0.48046875 0.7177734375 0.4713541671875
1 0.880859375 0.4752604171875 0.876953125 0.46484375
1 0.9375 0.47265625 0.939453125 0.4309895828125
1 0.9930248109375001 0.5864204765625 0.9954753468750001 0.6436253765625
1 0.9990234375 0.6484375 0.9995316265625 0.61871634375
1 0.986328125 0.5377604171875 0.990234375 0.5611979171875
